Circuit 1
$ 1 0.000005 10.20027730826997 50 5 50
r -16 144 -16 208 0 330
162 -16 208 -80 208 2 default-led 1 0 0 0.01
g -80 208 -112 208 0
R -16 144 -128 144 0 0 40 5 0 0 0.5

Circuit 2
$ 1 0.000005 10.20027730826997 50 5 50
R -16 144 -128 144 0 0 40 6 0 0 0.5
r -16 144 48 144 0 220
162 48 144 112 144 2 default-led 1 0 0 0.01
r 48 144 48 208 0 470
g 48 208 -128 208 0
w 112 144 112 208 0
w 112 208 48 208 0

Circuit 3
$ 1 0.000005 10.20027730826997 50 5 50
g 32 224 -96 224 0
t 224 144 256 144 0 1 -7.282851501442858 0.6317094254287055 100
w 224 112 224 144 0
w 256 128 256 80 0
w 256 80 -128 80 0
w -96 288 -128 288 0
w -128 288 -128 80 0
d 32 112 224 112 2 default
R -96 288 144 288 0 0 40 12 0 0 0.5
R 32 112 -48 112 0 0 40 5 0 0 0.5
r 256 160 256 224 0 1000
w 32 224 256 224 0
